# Created by Octave 4.4.1, Tue Nov 12 20:39:10 2019 EST <dkruger@gurion>
# name: A
# type: matrix
# rows: 10
# columns: 10
 0.25628361826871299 0.92608021452757061 0.83207450598659083 0.44635933360614449 0.46924613135847576 0.61775139242030264 0.50009267169619731 0.1149661769670131 0.63355184033392764 0.89170855457017195
 0.10355502210762461 0.34897986201686232 0.79843037946232387 0.71728644685945475 0.0024226107723643196 0.098886739159205803 0.20687930124558179 0.42275351205383943 0.29684984072514492 0.4539152951127578
 0.976615453640991 0.55027544354245739 0.32831974401900271 0.01561076881550998 0.40924406461386792 0.068595368118835973 0.5211043116890951 0.89280236855378603 0.20785014808811025 0.21205229163016087
 0.82563729579700484 0.50959245878286796 0.75254948402327326 0.038719964852833286 0.55849729448952079 0.98076264182013462 0.60307865458052012 0.65849847862516575 0.60155096943148656 0.35395146073570055
 0.45296140051263817 0.50794567924509648 0.76970403330214621 0.93509803725249763 0.81664925663747556 0.54882981962338528 0.37344390494793872 0.14307793210494385 0.33412489416734731 0.93872170828986479
 0.5126212975475074 0.78662294978309877 0.5097229901421978 0.056406725614360928 0.34036929033204461 0.48125327911207244 0.94677740625169315 0.073075352023743309 0.37033219532630773 0.95383377420651216
 0.54603620561345367 0.12797514354073708 0.88022338928905153 0.48154514197173631 0.78384673421532136 0.5144502743155881 0.53933926203582494 0.26862793201124685 0.33489556648188396 0.52585662278234613
 0.45003985368235561 0.32598444041696634 0.97571946290052369 0.54232437329929495 0.52182481135765546 0.95192371175484281 0.6090671970993502 0.17079735382202105 0.38362126758934495 0.42397759685189124
 0.28985105353085855 0.20859714210984531 0.0026559661360941343 0.037655485278963827 0.47208362492713524 0.73491672597509594 0.73336448665705756 0.19792171744449366 0.1594375689161695 0.70518856546886355
 0.19746628959577167 0.98697429186968444 0.10957532158628773 0.093225469359300581 0.23196091205359831 0.1487992294137947 0.4273698288234658 0.30020827489885132 0.91541365087187532 0.61043148830541927


# name: B
# type: matrix
# rows: 500
# columns: 1
 0.36355529789613911
 0.23755798238627807
 0.8792932845790602
 0.83087384025355759
 0.87677384765323718
 0.5013259244533772
 0.31191029760192152
 0.2820801333188912
 0.78082092574453943
 0.82024803990419382
 0.88343920546077004
 0.18140230561998033
 0.94733638009230581
 0.54716832405302396
 0.086778145426775907
 0.49660125918465609
 0.90692062344302782
 0.038536161812147515
 0.46136416021163879
 0.27355079753179407
 0.43697959974564055
 0.94229899836589615
 0.98757264111338994
 0.42307642057007561
 0.82646459472105427
 0.23492740968737663
 0.85754592949459352
 0.23425279314608277
 0.35209902273377852
 0.011280284352058124
 0.10327858771406388
 0.67247453109474997
 0.30193393182693734
 0.14907976439056431
 0.9575682262779539
 0.48843689893261028
 0.92549848156451064
 0.866416232220941
 0.84460972192123251
 0.26833593620299617
 0.63372339331014105
 0.47550807339145645
 0.49384207441047961
 0.30814969665517361
 0.65957059329913936
 0.81238357661647875
 0.20067987798787007
 0.21871894743227488
 0.99428003708659041
 0.13621378104943388
 0.33605218900478567
 0.42763936794715535
 0.8134474316308522
 0.17077855648283063
 0.4314669665228677
 0.73910192745566861
 0.3493725967095091
 0.42282949236682871
 0.18043014652782002
 0.72798782093905079
 0.26578819577240526
 0.10199769833674326
 0.1947034135924755
 0.83587078087988897
 0.086198493003726992
 0.77849200311398803
 0.80241661099474904
 0.98234438465682838
 0.034165628854420579
 0.94988761073098593
 0.70711305715384054
 0.066823780229988736
 0.23594118351464949
 0.23116675577242624
 0.74569326968912686
 0.13527836779436914
 0.89740104826292633
 0.37771757903740538
 0.60512338233534702
 0.20797196383548461
 0.3288791229803178
 0.21018465379802981
 0.78537352912210179
 0.68049443510654006
 0.071443638098296389
 0.45377635073387385
 0.1511285723188997
 0.93519644837611815
 0.82888631796048795
 0.86929879417483069
 0.84296734988794952
 0.44826654735707588
 0.49501489311101882
 0.56750856571205255
 0.46039718698849114
 0.95875541094087613
 0.35563030414519142
 0.58772029711081852
 0.33162041839043038
 0.017893852382758802
 0.30817027459700547
 0.44696990048504576
 0.23535059441996503
 0.63097392258022145
 0.015593788784364283
 0.32903501684261321
 0.62705470386999551
 0.32256128618492613
 0.78074310509527645
 0.97253172306252866
 0.042861595012623807
 0.68813015599739014
 0.61765001597811275
 0.39224248766425523
 0.57150105556349773
 0.48014867800469491
 0.076415636018665675
 0.7524034209850381
 0.32300385776564605
 0.11783551991617917
 0.78439958008824373
 0.94681563540566382
 0.74775075754990583
 0.8352925585356179
 0.13534640499377187
 0.50390043716691679
 0.3892239419208145
 0.17071358002736842
 0.057657925291344211
 0.80432367428537666
 0.83814670108129596
 0.32099037540590963
 0.54268887366488905
 0.83100213631174524
 0.67030876238010439
 0.041110005326830332
 0.44924833825419613
 0.8510392637523333
 0.69545275301226883
 0.57923357330355829
 0.78664759520979999
 0.42871704991418574
 0.21195871890861046
 0.46086816056968066
 0.36246887919953802
 0.5552388973816953
 0.66138276078705416
 0.63481269369414972
 0.66289282616792511
 0.37159167670324106
 0.15632049912577334
 0.17850506030264607
 0.40184102441014874
 0.05540256325850805
 0.35609393251106897
 0.734815695317523
 0.78203052800972395
 0.80178274842431119
 0.53935407448800021
 0.3783434870827877
 0.43940015135571092
 0.78195505759552142
 0.045002971617263118
 0.54982263097842943
 0.64211889848878012
 0.62397996295352265
 0.078283981223301866
 0.77836247138254422
 0.736545367986014
 0.075039816701908221
 0.75396865935246304
 0.59871409354409144
 0.035990547751259913
 0.60273277856312035
 0.53931874047830164
 0.74665769763161671
 0.87855192453843278
 0.95916221960082348
 0.74396663696172072
 0.83482377173159328
 0.12745690371163415
 0.49256273169776604
 0.85242812381545985
 0.23767107365734524
 0.35763836157487344
 0.41209789871803187
 0.90157359890252353
 0.57493504817535179
 0.32436295473011661
 0.011886776347648832
 0.55782530973405708
 0.93562333303869261
 0.26635150838766103
 0.66365943272799865
 0.8424888961969067
 0.72196369546095862
 0.2075161241984132
 0.20967372791645739
 0.48415522489367629
 0.66242399730251733
 0.12500540262836107
 0.1769596399579047
 0.59123968120339909
 0.32098028682125695
 0.72892541876809314
 0.57142979705723063
 0.04971522407317934
 0.059919688071621
 0.30002528683857882
 0.47693770050486889
 0.48100342834209225
 0.22808153568389661
 0.68373982851936743
 0.28766216351789614
 0.13160233137273131
 0.79935309685272116
 0.90017473440626805
 0.8214174205086654
 0.65572681107846664
 0.95210273081601038
 0.027225493477197538
 0.66406494291905482
 0.029747526469299502
 0.60772838499707305
 0.98854434990700479
 0.46947935681869896
 0.41064760136946538
 0.1022694072717583
 0.756231247806608
 0.15739576412358319
 0.35425203284313184
 0.80513255725698718
 0.73016474593373248
 0.10095081225344564
 0.023337115160082345
 0.028556723211069324
 0.2781302821958081
 0.77287879738337617
 0.3142124500276629
 0.65883252699904182
 0.36270750875319463
 0.2188401711701991
 0.26828182351309254
 0.91121150681460528
 0.23964024605571105
 0.30120489950931323
 0.8425197535746094
 0.91447103771828131
 0.44071687440593726
 0.31574908062745183
 0.8143149149530533
 0.12045655372178359
 0.93788354038399591
 0.25746289496162483
 0.38261286204663086
 0.0031155143598444067
 0.9637677424867972
 0.46018989840357188
 0.66309731292745977
 0.82482805832233197
 0.071013194733189608
 0.53339212284216819
 0.54539983596979436
 0.4127287450965223
 0.56469783971753817
 0.9103071864466582
 0.63735520301337711
 0.075195796545005231
 0.55684431127132661
 0.060769969438328728
 0.19821252091315261
 0.13739400454040868
 0.93017985493014688
 0.57984747156739092
 0.35551973613193893
 0.8871284374937578
 0.57031365159710157
