# Created by Octave 4.4.1, Tue Nov 12 20:42:04 2019 EST <dkruger@gurion>
# name: B
# type: matrix
# rows: 10
# columns: 1
 0.69822818598492298
 0.86988524246989296
 0.022604050205573368
 0.88106750190627869
 0.47232702814355026
 0.12635995708949627
 0.97324535577015892
 0.20979354631127617
 0.53039396732069477
 0.99819340388158539


